
Имя процесса: Beckish
Номер процесса: 1

0: INITIAL RANDOM MATRIX
Rows: 14
Columns: 6

     70.87      26.15      28.27      14.53      27.22      93.47 
     17.96      18.13     -29.52     -15.06      33.68     -77.33 
    -21.54     -26.94      84.49     -30.36     -44.84      55.84 
     35.84      44.26     -69.54     -41.64      54.21     -63.38 
    -21.31     -66.09     -90.36     -60.06      44.36     -70.74 
     45.73      30.87     -90.54     -41.34     -24.63      60.09 
    -62.36      15.83      69.25      88.63     -35.16      53.01 
    -58.88     -90.37      66.29      19.47     -48.93      -9.39 
     74.63     -57.71     -48.69      36.20      85.26      90.00 
     84.85      62.67       5.00      91.95      26.42      28.58 
    -64.23      -5.93     -86.95     -81.88     -40.54     -67.46 
    -98.35      97.39      49.45     -69.65     -13.47      20.89 
     73.63     -90.93      94.71       1.75      36.43     -88.47 
     97.70      54.21      67.76      19.29     -49.81     -61.64 



0: 	--------------------------------
Rows: 14
Columns: 6

     93.47      27.22      14.53      28.27      26.15      70.87 
    -77.33      33.68     -15.06     -29.52      18.13      17.96 
     55.84     -44.84     -30.36      84.49     -26.94     -21.54 
    -63.38      54.21     -41.64     -69.54      44.26      35.84 
    -70.74      44.36     -60.06     -90.36     -66.09     -21.31 
     60.09     -24.63     -41.34     -90.54      30.87      45.73 
     53.01     -35.16      88.63      69.25      15.83     -62.36 
     -9.39     -48.93      19.47      66.29     -90.37     -58.88 
     90.00      85.26      36.20     -48.69     -57.71      74.63 
     28.58      26.42      91.95       5.00      62.67      84.85 
    -67.46     -40.54     -81.88     -86.95      -5.93     -64.23 
     20.89     -13.47     -69.65      49.45      97.39     -98.35 
    -88.47      36.43       1.75      94.71     -90.93      73.63 
    -61.64     -49.81      19.29      67.76      54.21      97.70 



0: Time of calculation: -3.442334e+04
0: 	--------------------------------